 22
Bambara	0.00	0.95	0.96	0.96	0.96	1.00	0.97	0.95	0.94	0.97	0.96	0.95	0.96	0.97	0.99	0.94	0.94	0.95	0.93	0.96	0.95	0.94
Bangime	0.95	0.00	0.89	0.88	0.90	0.99	0.85	0.95	0.91	0.94	0.89	0.93	0.88	0.95	0.96	0.91	0.91	0.87	0.91	0.88	0.91	0.91
Bankan_Tey	0.96	0.89	0.00	0.23	0.77	0.99	0.57	0.95	0.76	0.77	0.37	0.79	0.58	0.92	0.89	0.56	0.73	0.70	0.66	0.63	0.64	0.62
Ben_Tey	0.96	0.88	0.23	0.00	0.76	0.99	0.52	0.96	0.73	0.77	0.34	0.80	0.51	0.93	0.90	0.58	0.73	0.66	0.69	0.64	0.64	0.61
Bunoge	0.96	0.90	0.77	0.76	0.00	0.99	0.81	0.97	0.54	0.79	0.76	0.52	0.81	0.93	0.95	0.76	0.67	0.78	0.78	0.80	0.77	0.77
Fulfulde	1.00	0.99	0.99	0.99	0.99	0.00	0.99	1.00	1.00	1.00	0.99	1.00	0.99	0.97	0.98	1.00	1.00	1.00	0.99	0.99	1.00	0.99
Jamsay	0.97	0.85	0.57	0.52	0.81	0.99	0.00	0.95	0.75	0.80	0.56	0.81	0.25	0.88	0.86	0.57	0.78	0.41	0.59	0.50	0.64	0.47
Jenaama	0.95	0.95	0.95	0.96	0.97	1.00	0.95	0.00	0.94	0.95	0.95	0.92	0.96	0.97	0.97	0.95	0.94	0.93	0.93	0.97	0.93	0.93
Mombo	0.94	0.91	0.76	0.73	0.54	1.00	0.75	0.94	0.00	0.71	0.68	0.38	0.74	0.96	0.93	0.66	0.54	0.74	0.77	0.76	0.68	0.75
Najamba	0.97	0.94	0.77	0.77	0.79	1.00	0.80	0.95	0.71	0.00	0.71	0.75	0.80	0.96	0.93	0.71	0.63	0.80	0.76	0.85	0.66	0.79
Nanga	0.96	0.89	0.37	0.34	0.76	0.99	0.56	0.95	0.68	0.71	0.00	0.78	0.51	0.95	0.92	0.53	0.68	0.67	0.64	0.60	0.59	0.59
Penange	0.95	0.93	0.79	0.80	0.52	1.00	0.81	0.92	0.38	0.75	0.78	0.00	0.82	0.97	0.96	0.76	0.61	0.81	0.82	0.81	0.77	0.82
Perge_Tegu	0.96	0.88	0.58	0.51	0.81	0.99	0.25	0.96	0.74	0.80	0.51	0.82	0.00	0.88	0.88	0.58	0.77	0.45	0.55	0.44	0.64	0.42
Songhai_Kiini	0.97	0.95	0.92	0.93	0.93	0.97	0.88	0.97	0.96	0.96	0.95	0.97	0.88	0.00	0.29	0.91	0.94	0.90	0.93	0.95	0.93	0.93
Songhai_Senni	0.99	0.96	0.89	0.90	0.95	0.98	0.86	0.97	0.93	0.93	0.92	0.96	0.88	0.29	0.00	0.87	0.91	0.89	0.93	0.93	0.89	0.94
Tebul_Ure	0.94	0.91	0.56	0.58	0.76	1.00	0.57	0.95	0.66	0.71	0.53	0.76	0.58	0.91	0.87	0.00	0.67	0.61	0.57	0.65	0.51	0.54
Tiranige_Diga	0.94	0.91	0.73	0.73	0.67	1.00	0.78	0.94	0.54	0.63	0.68	0.61	0.77	0.94	0.91	0.67	0.00	0.78	0.78	0.77	0.63	0.77
Togo_Kan	0.95	0.87	0.70	0.66	0.78	1.00	0.41	0.93	0.74	0.80	0.67	0.81	0.45	0.90	0.89	0.61	0.78	0.00	0.55	0.59	0.66	0.51
Tommo_So	0.93	0.91	0.66	0.69	0.78	0.99	0.59	0.93	0.77	0.76	0.64	0.82	0.55	0.93	0.93	0.57	0.78	0.55	0.00	0.66	0.56	0.37
Toro_Tegu	0.96	0.88	0.63	0.64	0.80	0.99	0.50	0.97	0.76	0.85	0.60	0.81	0.44	0.95	0.93	0.65	0.77	0.59	0.66	0.00	0.72	0.62
Yanda_Dom	0.95	0.91	0.64	0.64	0.77	1.00	0.64	0.93	0.68	0.66	0.59	0.77	0.64	0.93	0.89	0.51	0.63	0.66	0.56	0.72	0.00	0.61
Yorno_So	0.94	0.91	0.62	0.61	0.77	0.99	0.47	0.93	0.75	0.79	0.59	0.82	0.42	0.93	0.94	0.54	0.77	0.51	0.37	0.62	0.61	0.00
