 22
Bambara	0.00	0.83	0.92	0.91	0.87	0.99	0.91	0.85	0.86	0.90	0.90	0.88	0.91	0.90	0.91	0.83	0.88	0.90	0.89	0.92	0.87	0.88
Bangime	0.83	0.00	0.85	0.84	0.82	0.99	0.82	0.91	0.90	0.92	0.88	0.87	0.86	0.89	0.87	0.89	0.85	0.82	0.76	0.82	0.86	0.85
Bankan_Tey	0.92	0.85	0.00	0.27	0.69	0.97	0.61	0.95	0.69	0.71	0.43	0.72	0.61	0.89	0.88	0.56	0.68	0.75	0.68	0.68	0.63	0.65
Ben_Tey	0.91	0.84	0.27	0.00	0.72	0.97	0.54	0.96	0.70	0.70	0.35	0.77	0.49	0.93	0.88	0.52	0.65	0.71	0.67	0.65	0.60	0.58
Bunoge	0.87	0.82	0.69	0.72	0.00	0.96	0.80	0.91	0.53	0.75	0.76	0.49	0.78	0.95	0.95	0.74	0.59	0.78	0.75	0.79	0.76	0.74
Fulfulde	0.99	0.99	0.97	0.97	0.96	0.00	0.96	0.98	0.97	0.98	0.98	0.97	0.96	0.96	0.97	0.99	0.98	0.99	0.98	0.98	1.00	0.97
Jamsay	0.91	0.82	0.61	0.54	0.80	0.96	0.00	0.91	0.71	0.77	0.60	0.79	0.33	0.85	0.85	0.58	0.72	0.43	0.60	0.50	0.63	0.46
Jenaama	0.85	0.91	0.95	0.96	0.91	0.98	0.91	0.00	0.91	0.94	0.93	0.89	0.94	0.88	0.87	0.89	0.89	0.90	0.93	0.91	0.86	0.94
Mombo	0.86	0.90	0.69	0.70	0.53	0.97	0.71	0.91	0.00	0.64	0.63	0.37	0.69	0.92	0.88	0.62	0.55	0.68	0.70	0.77	0.65	0.67
Najamba	0.90	0.92	0.71	0.70	0.75	0.98	0.77	0.94	0.64	0.00	0.62	0.69	0.77	0.93	0.89	0.63	0.64	0.73	0.71	0.82	0.68	0.72
Nanga	0.90	0.88	0.43	0.35	0.76	0.98	0.60	0.93	0.63	0.62	0.00	0.73	0.53	0.93	0.88	0.54	0.60	0.69	0.65	0.61	0.58	0.58
Penange	0.88	0.87	0.72	0.77	0.49	0.97	0.79	0.89	0.37	0.69	0.73	0.00	0.79	0.91	0.91	0.68	0.59	0.76	0.72	0.81	0.75	0.75
Perge_Tegu	0.91	0.86	0.61	0.49	0.78	0.96	0.33	0.94	0.69	0.77	0.53	0.79	0.00	0.83	0.83	0.59	0.71	0.49	0.58	0.48	0.64	0.47
Songhai_Kiini	0.90	0.89	0.89	0.93	0.95	0.96	0.85	0.88	0.92	0.93	0.93	0.91	0.83	0.00	0.27	0.92	0.91	0.88	0.91	0.86	0.93	0.91
Songhai_Senni	0.91	0.87	0.88	0.88	0.95	0.97	0.85	0.87	0.88	0.89	0.88	0.91	0.83	0.27	0.00	0.87	0.82	0.88	0.88	0.89	0.85	0.91
Tebul_Ure	0.83	0.89	0.56	0.52	0.74	0.99	0.58	0.89	0.62	0.63	0.54	0.68	0.59	0.92	0.87	0.00	0.67	0.63	0.58	0.65	0.45	0.54
Tiranige_Diga	0.88	0.85	0.68	0.65	0.59	0.98	0.72	0.89	0.55	0.64	0.60	0.59	0.71	0.91	0.82	0.67	0.00	0.75	0.68	0.74	0.60	0.73
Togo_Kan	0.90	0.82	0.75	0.71	0.78	0.99	0.43	0.90	0.68	0.73	0.69	0.76	0.49	0.88	0.88	0.63	0.75	0.00	0.50	0.65	0.65	0.48
Tommo_So	0.89	0.76	0.68	0.67	0.75	0.98	0.60	0.93	0.70	0.71	0.65	0.72	0.58	0.91	0.88	0.58	0.68	0.50	0.00	0.65	0.54	0.35
Toro_Tegu	0.92	0.82	0.68	0.65	0.79	0.98	0.50	0.91	0.77	0.82	0.61	0.81	0.48	0.86	0.89	0.65	0.74	0.65	0.65	0.00	0.68	0.60
Yanda_Dom	0.87	0.86	0.63	0.60	0.76	1.00	0.63	0.86	0.65	0.68	0.58	0.75	0.64	0.93	0.85	0.45	0.60	0.65	0.54	0.68	0.00	0.59
Yorno_So	0.88	0.85	0.65	0.58	0.74	0.97	0.46	0.94	0.67	0.72	0.58	0.75	0.47	0.91	0.91	0.54	0.73	0.48	0.35	0.60	0.59	0.00
