Tiranige_Diga       	1.00	0.42	0.35	0.40	0.39	0.27	0.28	0.28	0.27	0.24	0.24	0.28	0.28	0.35	0.32	0.19	0.10	0.05	0.03	0.04	0.04	0.03
Najamba             	0.42	1.00	0.27	0.32	0.26	0.29	0.29	0.32	0.29	0.26	0.26	0.31	0.31	0.39	0.38	0.19	0.10	0.05	0.05	0.05	0.05	0.03
Penange             	0.35	0.27	1.00	0.56	0.45	0.18	0.21	0.21	0.17	0.17	0.19	0.22	0.22	0.25	0.21	0.14	0.09	0.06	0.02	0.03	0.03	0.02
Mombo               	0.40	0.32	0.56	1.00	0.39	0.23	0.22	0.26	0.22	0.22	0.23	0.25	0.23	0.31	0.29	0.18	0.09	0.05	0.04	0.04	0.05	0.03
Bunoge              	0.39	0.26	0.45	0.39	1.00	0.20	0.20	0.18	0.20	0.17	0.18	0.21	0.22	0.23	0.21	0.15	0.11	0.04	0.03	0.03	0.04	0.03
Ben_Tey             	0.27	0.29	0.18	0.23	0.20	1.00	0.68	0.61	0.51	0.43	0.37	0.39	0.33	0.38	0.45	0.33	0.09	0.04	0.05	0.04	0.07	0.03
Bankan_Tey          	0.28	0.29	0.21	0.22	0.20	0.68	1.00	0.56	0.41	0.35	0.29	0.34	0.32	0.38	0.43	0.34	0.08	0.04	0.05	0.04	0.07	0.03
Nanga               	0.28	0.32	0.21	0.26	0.18	0.61	0.56	1.00	0.46	0.41	0.36	0.38	0.33	0.41	0.45	0.34	0.08	0.03	0.04	0.03	0.05	0.02
Perge_Tegu          	0.27	0.29	0.17	0.22	0.20	0.51	0.41	0.46	1.00	0.69	0.57	0.56	0.45	0.43	0.45	0.45	0.11	0.04	0.05	0.04	0.07	0.03
Jamsay              	0.24	0.26	0.17	0.22	0.17	0.43	0.35	0.41	0.69	1.00	0.59	0.54	0.41	0.41	0.42	0.41	0.09	0.05	0.05	0.03	0.07	0.03
Togo_Kan            	0.24	0.26	0.19	0.23	0.18	0.37	0.29	0.36	0.57	0.59	1.00	0.54	0.44	0.38	0.41	0.36	0.09	0.05	0.04	0.03	0.06	0.03
Yorno_So            	0.28	0.31	0.22	0.25	0.21	0.39	0.34	0.38	0.56	0.54	0.54	1.00	0.62	0.45	0.46	0.38	0.07	0.06	0.06	0.03	0.06	0.03
Tommo_So            	0.28	0.31	0.22	0.23	0.22	0.33	0.32	0.33	0.45	0.41	0.44	0.62	1.00	0.45	0.42	0.35	0.09	0.04	0.05	0.02	0.05	0.03
Yanda_Dom           	0.35	0.39	0.25	0.31	0.23	0.38	0.38	0.41	0.43	0.41	0.38	0.45	0.45	1.00	0.56	0.30	0.09	0.06	0.06	0.04	0.06	0.03
Tebul_Ure           	0.32	0.38	0.21	0.29	0.21	0.45	0.43	0.45	0.45	0.42	0.41	0.46	0.42	0.56	1.00	0.33	0.09	0.05	0.07	0.05	0.07	0.04
Toro_Tegu           	0.19	0.19	0.14	0.18	0.15	0.33	0.34	0.34	0.45	0.41	0.36	0.38	0.35	0.30	0.33	1.00	0.07	0.02	0.05	0.05	0.07	0.02
Bangime             	0.10	0.10	0.09	0.09	0.11	0.09	0.08	0.08	0.11	0.09	0.09	0.07	0.09	0.09	0.09	0.07	1.00	0.07	0.02	0.03	0.03	0.02
Jenaama             	0.05	0.05	0.06	0.05	0.04	0.04	0.04	0.03	0.04	0.05	0.05	0.06	0.04	0.06	0.05	0.02	0.07	1.00	0.07	0.05	0.06	0.02
Bambara             	0.03	0.05	0.02	0.04	0.03	0.05	0.05	0.04	0.05	0.05	0.04	0.06	0.05	0.06	0.07	0.05	0.02	0.07	1.00	0.02	0.05	0.02
Songhai_Senni       	0.04	0.05	0.03	0.04	0.03	0.04	0.04	0.03	0.04	0.03	0.03	0.03	0.02	0.04	0.05	0.05	0.03	0.05	0.02	1.00	0.64	0.02
Songhai_Kiini       	0.04	0.05	0.03	0.05	0.04	0.07	0.07	0.05	0.07	0.07	0.06	0.06	0.05	0.06	0.07	0.07	0.03	0.06	0.05	0.64	1.00	0.03
Fulfulde            	0.03	0.03	0.02	0.03	0.03	0.03	0.03	0.02	0.03	0.03	0.03	0.03	0.03	0.03	0.04	0.02	0.02	0.02	0.02	0.02	0.03	1.00
