Tiranige_Diga       	1.00	0.44	0.38	0.41	0.38	0.30	0.31	0.35	0.32	0.30	0.31	0.33	0.35	0.41	0.38	0.25	0.21	0.14	0.14	0.13	0.11	0.05
Najamba             	0.44	1.00	0.35	0.39	0.31	0.34	0.37	0.40	0.36	0.32	0.34	0.39	0.38	0.42	0.46	0.24	0.17	0.11	0.15	0.13	0.15	0.04
Penange             	0.38	0.35	1.00	0.58	0.48	0.25	0.27	0.30	0.25	0.26	0.27	0.32	0.31	0.28	0.31	0.19	0.16	0.14	0.11	0.12	0.12	0.05
Mombo               	0.41	0.39	0.58	1.00	0.42	0.25	0.28	0.33	0.28	0.29	0.31	0.30	0.30	0.36	0.35	0.23	0.15	0.13	0.10	0.13	0.12	0.05
Bunoge              	0.38	0.31	0.48	0.42	1.00	0.26	0.26	0.27	0.25	0.24	0.25	0.29	0.28	0.25	0.27	0.19	0.20	0.11	0.17	0.08	0.08	0.05
Ben_Tey             	0.30	0.34	0.25	0.25	0.26	1.00	0.68	0.57	0.50	0.43	0.37	0.43	0.35	0.41	0.47	0.32	0.18	0.09	0.14	0.11	0.10	0.04
Bankan_Tey          	0.31	0.37	0.27	0.28	0.26	0.68	1.00	0.54	0.43	0.39	0.33	0.40	0.36	0.42	0.46	0.35	0.19	0.09	0.15	0.09	0.11	0.05
Nanga               	0.35	0.40	0.30	0.33	0.27	0.57	0.54	1.00	0.49	0.44	0.41	0.45	0.41	0.45	0.48	0.37	0.17	0.08	0.15	0.11	0.11	0.03
Perge_Tegu          	0.32	0.36	0.25	0.28	0.25	0.50	0.43	0.49	1.00	0.67	0.56	0.57	0.46	0.42	0.48	0.46	0.20	0.09	0.14	0.13	0.16	0.04
Jamsay              	0.30	0.32	0.26	0.29	0.24	0.43	0.39	0.44	0.67	1.00	0.62	0.55	0.42	0.43	0.45	0.41	0.19	0.09	0.12	0.14	0.16	0.04
Togo_Kan            	0.31	0.34	0.27	0.31	0.25	0.37	0.33	0.41	0.56	0.62	1.00	0.58	0.48	0.42	0.44	0.35	0.17	0.14	0.16	0.12	0.14	0.04
Yorno_So            	0.33	0.39	0.32	0.30	0.29	0.43	0.40	0.45	0.57	0.55	0.58	1.00	0.61	0.48	0.52	0.42	0.17	0.09	0.16	0.12	0.13	0.03
Tommo_So            	0.35	0.38	0.31	0.30	0.28	0.35	0.36	0.41	0.46	0.42	0.48	0.61	1.00	0.47	0.48	0.37	0.21	0.10	0.15	0.11	0.13	0.03
Yanda_Dom           	0.41	0.42	0.28	0.36	0.25	0.41	0.42	0.45	0.42	0.43	0.42	0.48	0.47	1.00	0.57	0.35	0.17	0.15	0.17	0.13	0.13	0.03
Tebul_Ure           	0.38	0.46	0.31	0.35	0.27	0.47	0.46	0.48	0.48	0.45	0.44	0.52	0.48	0.57	1.00	0.34	0.18	0.12	0.18	0.14	0.15	0.04
Toro_Tegu           	0.25	0.24	0.19	0.23	0.19	0.32	0.35	0.37	0.46	0.41	0.35	0.42	0.37	0.35	0.34	1.00	0.16	0.10	0.13	0.15	0.16	0.03
Bangime             	0.21	0.17	0.16	0.15	0.20	0.18	0.19	0.17	0.20	0.19	0.17	0.17	0.21	0.17	0.18	0.16	1.00	0.16	0.16	0.12	0.11	0.04
Jenaama             	0.14	0.11	0.14	0.13	0.11	0.09	0.09	0.08	0.09	0.09	0.14	0.09	0.10	0.15	0.12	0.10	0.16	1.00	0.18	0.12	0.12	0.03
Bambara             	0.14	0.15	0.11	0.10	0.17	0.14	0.15	0.15	0.14	0.12	0.16	0.16	0.15	0.17	0.18	0.13	0.16	0.18	1.00	0.12	0.11	0.04
Songhai_Senni       	0.13	0.13	0.12	0.13	0.08	0.11	0.09	0.11	0.13	0.14	0.12	0.12	0.11	0.13	0.14	0.15	0.12	0.12	0.12	1.00	0.67	0.05
Songhai_Kiini       	0.11	0.15	0.12	0.12	0.08	0.10	0.11	0.11	0.16	0.16	0.14	0.13	0.13	0.13	0.15	0.16	0.11	0.12	0.11	0.67	1.00	0.05
Fulfulde            	0.05	0.04	0.05	0.05	0.05	0.04	0.05	0.03	0.04	0.04	0.04	0.03	0.03	0.03	0.04	0.03	0.04	0.03	0.04	0.05	0.05	1.00
