Ben_Tey             	1.00	0.70	0.58	0.51	0.43	0.32	0.42	0.34	0.40	0.46	0.33	0.30	0.30	0.22	0.24	0.26	0.17	0.10	0.09	0.07	0.11	0.03
Bankan_Tey          	0.70	1.00	0.56	0.44	0.39	0.32	0.41	0.35	0.43	0.45	0.35	0.31	0.33	0.26	0.29	0.26	0.17	0.10	0.11	0.07	0.12	0.04
Nanga               	0.58	0.56	1.00	0.52	0.43	0.40	0.44	0.41	0.45	0.48	0.37	0.38	0.40	0.27	0.33	0.28	0.17	0.11	0.09	0.09	0.14	0.02
Perge_Tegu          	0.51	0.44	0.52	1.00	0.66	0.56	0.55	0.46	0.41	0.47	0.46	0.34	0.33	0.24	0.29	0.27	0.20	0.12	0.16	0.08	0.13	0.03
Jamsay              	0.43	0.39	0.43	0.66	1.00	0.64	0.57	0.43	0.40	0.46	0.43	0.31	0.29	0.23	0.28	0.24	0.18	0.13	0.14	0.08	0.11	0.03
Togo_Kan            	0.32	0.32	0.40	0.56	0.64	1.00	0.59	0.50	0.40	0.42	0.36	0.30	0.33	0.26	0.31	0.26	0.19	0.10	0.13	0.12	0.14	0.03
Yorno_So            	0.42	0.41	0.44	0.55	0.57	0.59	1.00	0.63	0.45	0.52	0.41	0.34	0.35	0.30	0.30	0.30	0.17	0.10	0.12	0.09	0.14	0.02
Tommo_So            	0.34	0.35	0.41	0.46	0.43	0.50	0.63	1.00	0.48	0.47	0.35	0.36	0.34	0.30	0.28	0.29	0.22	0.09	0.12	0.08	0.13	0.03
Yanda_Dom           	0.40	0.43	0.45	0.41	0.40	0.40	0.45	0.48	1.00	0.54	0.32	0.42	0.38	0.26	0.35	0.25	0.18	0.11	0.11	0.16	0.16	0.02
Tebul_Ure           	0.46	0.45	0.48	0.47	0.46	0.42	0.52	0.47	0.54	1.00	0.32	0.36	0.43	0.29	0.34	0.28	0.16	0.13	0.13	0.10	0.16	0.03
Toro_Tegu           	0.33	0.35	0.37	0.46	0.43	0.36	0.41	0.35	0.32	0.32	1.00	0.25	0.20	0.18	0.21	0.19	0.17	0.12	0.14	0.10	0.13	0.02
Tiranige_Diga       	0.30	0.31	0.38	0.34	0.31	0.30	0.34	0.36	0.42	0.36	0.25	1.00	0.44	0.40	0.43	0.40	0.20	0.12	0.11	0.13	0.12	0.03
Najamba             	0.30	0.33	0.40	0.33	0.29	0.33	0.35	0.34	0.38	0.43	0.20	0.44	1.00	0.35	0.38	0.31	0.14	0.11	0.14	0.09	0.10	0.02
Penange             	0.22	0.26	0.27	0.24	0.23	0.26	0.30	0.30	0.26	0.29	0.18	0.40	0.35	1.00	0.62	0.47	0.16	0.11	0.11	0.13	0.08	0.03
Mombo               	0.24	0.29	0.33	0.29	0.28	0.31	0.30	0.28	0.35	0.34	0.21	0.43	0.38	0.62	1.00	0.45	0.17	0.13	0.11	0.11	0.11	0.05
Bunoge              	0.26	0.26	0.28	0.27	0.24	0.26	0.30	0.29	0.25	0.28	0.19	0.40	0.31	0.47	0.45	1.00	0.21	0.07	0.08	0.10	0.15	0.05
Bangime             	0.17	0.17	0.17	0.20	0.18	0.19	0.17	0.22	0.18	0.16	0.17	0.20	0.14	0.16	0.17	0.21	1.00	0.12	0.11	0.14	0.16	0.02
Songhai_Senni       	0.10	0.10	0.11	0.12	0.13	0.10	0.10	0.09	0.11	0.13	0.12	0.12	0.11	0.11	0.13	0.07	0.12	1.00	0.72	0.11	0.10	0.05
Songhai_Kiini       	0.09	0.11	0.09	0.16	0.14	0.13	0.12	0.12	0.11	0.13	0.14	0.11	0.14	0.11	0.11	0.08	0.11	0.72	1.00	0.11	0.11	0.05
Jenaama             	0.07	0.07	0.09	0.08	0.08	0.12	0.09	0.08	0.16	0.10	0.10	0.13	0.09	0.13	0.11	0.10	0.14	0.11	0.11	1.00	0.16	0.02
Bambara             	0.11	0.12	0.14	0.13	0.11	0.14	0.14	0.13	0.16	0.16	0.13	0.12	0.10	0.08	0.11	0.15	0.16	0.10	0.11	0.16	1.00	0.01
Fulfulde            	0.03	0.04	0.02	0.03	0.03	0.03	0.02	0.03	0.02	0.03	0.02	0.03	0.02	0.03	0.05	0.05	0.02	0.05	0.05	0.02	0.01	1.00
