Jenaama             	1.00	0.15	0.10	0.11	0.08	0.11	0.07	0.03	0.05	0.07	0.16	0.08	0.07	0.05	0.06	0.07	0.11	0.09	0.11	0.12	0.11	0.02
Bambara             	0.15	1.00	0.10	0.10	0.13	0.10	0.06	0.06	0.06	0.08	0.13	0.17	0.09	0.08	0.06	0.06	0.10	0.05	0.15	0.11	0.10	0.00
Penange             	0.10	0.10	1.00	0.66	0.51	0.37	0.33	0.24	0.26	0.27	0.24	0.30	0.27	0.30	0.20	0.20	0.24	0.19	0.14	0.12	0.12	0.03
Mombo               	0.11	0.10	0.66	1.00	0.51	0.44	0.38	0.30	0.31	0.37	0.35	0.35	0.30	0.30	0.30	0.28	0.31	0.24	0.11	0.14	0.12	0.04
Bunoge              	0.08	0.13	0.51	0.51	1.00	0.39	0.27	0.27	0.27	0.25	0.24	0.26	0.24	0.24	0.21	0.19	0.22	0.21	0.19	0.08	0.08	0.03
Tiranige_Diga       	0.11	0.10	0.37	0.44	0.39	1.00	0.35	0.35	0.31	0.37	0.38	0.33	0.26	0.30	0.27	0.27	0.23	0.25	0.16	0.17	0.09	0.02
Najamba             	0.07	0.06	0.33	0.38	0.27	0.35	1.00	0.29	0.30	0.38	0.34	0.37	0.27	0.29	0.26	0.25	0.27	0.19	0.09	0.11	0.12	0.02
Ben_Tey             	0.03	0.06	0.24	0.30	0.27	0.35	0.29	1.00	0.73	0.63	0.38	0.49	0.42	0.35	0.48	0.48	0.30	0.36	0.18	0.12	0.08	0.02
Bankan_Tey          	0.05	0.06	0.26	0.31	0.27	0.31	0.30	0.73	1.00	0.56	0.38	0.47	0.40	0.34	0.41	0.42	0.28	0.32	0.18	0.12	0.12	0.02
Nanga               	0.07	0.08	0.27	0.37	0.25	0.37	0.38	0.63	0.56	1.00	0.42	0.48	0.45	0.38	0.48	0.44	0.35	0.42	0.15	0.12	0.07	0.01
Yanda_Dom           	0.16	0.13	0.24	0.35	0.24	0.38	0.34	0.38	0.38	0.42	1.00	0.53	0.41	0.44	0.36	0.37	0.34	0.30	0.15	0.14	0.07	0.00
Tebul_Ure           	0.08	0.17	0.30	0.35	0.26	0.33	0.37	0.49	0.47	0.48	0.53	1.00	0.48	0.45	0.40	0.43	0.36	0.34	0.12	0.12	0.09	0.01
Yorno_So            	0.07	0.09	0.27	0.30	0.24	0.26	0.27	0.42	0.40	0.45	0.41	0.48	1.00	0.61	0.52	0.51	0.51	0.40	0.14	0.10	0.11	0.01
Tommo_So            	0.05	0.08	0.30	0.30	0.24	0.30	0.29	0.35	0.34	0.38	0.44	0.45	0.61	1.00	0.40	0.41	0.49	0.35	0.24	0.11	0.09	0.01
Perge_Tegu          	0.06	0.06	0.20	0.30	0.21	0.27	0.26	0.48	0.41	0.48	0.36	0.40	0.52	0.40	1.00	0.68	0.51	0.51	0.14	0.15	0.16	0.03
Jamsay              	0.07	0.06	0.20	0.28	0.19	0.27	0.25	0.48	0.42	0.44	0.37	0.43	0.51	0.41	0.68	1.00	0.59	0.47	0.17	0.16	0.16	0.03
Togo_Kan            	0.11	0.10	0.24	0.31	0.22	0.23	0.27	0.30	0.28	0.35	0.34	0.36	0.51	0.49	0.51	0.59	1.00	0.38	0.18	0.11	0.12	0.01
Toro_Tegu           	0.09	0.05	0.19	0.24	0.21	0.25	0.19	0.36	0.32	0.42	0.30	0.34	0.40	0.35	0.51	0.47	0.38	1.00	0.18	0.14	0.16	0.01
Bangime             	0.11	0.15	0.14	0.11	0.19	0.16	0.09	0.18	0.18	0.15	0.15	0.12	0.14	0.24	0.14	0.17	0.18	0.18	1.00	0.14	0.12	0.00
Songhai_Senni       	0.12	0.11	0.12	0.14	0.08	0.17	0.11	0.12	0.12	0.12	0.14	0.12	0.10	0.11	0.15	0.16	0.11	0.14	0.14	1.00	0.73	0.03
Songhai_Kiini       	0.11	0.10	0.12	0.12	0.08	0.09	0.12	0.08	0.12	0.07	0.07	0.09	0.11	0.09	0.16	0.16	0.12	0.16	0.12	0.73	1.00	0.04
Fulfulde            	0.02	0.00	0.03	0.04	0.03	0.02	0.02	0.02	0.02	0.01	0.00	0.01	0.01	0.01	0.03	0.03	0.01	0.01	0.00	0.03	0.04	1.00
