Jenaama             	1.00	0.05	0.09	0.06	0.03	0.04	0.03	0.07	0.05	0.04	0.04	0.03	0.04	0.05	0.07	0.03	0.06	0.05	0.07	0.04	0.04	0.00
Bambara             	0.05	1.00	0.04	0.05	0.04	0.05	0.01	0.04	0.04	0.03	0.03	0.03	0.01	0.00	0.04	0.04	0.03	0.03	0.05	0.00	0.01	0.00
Penange             	0.09	0.04	1.00	0.63	0.50	0.39	0.21	0.18	0.22	0.20	0.20	0.21	0.19	0.19	0.20	0.18	0.21	0.19	0.06	0.04	0.06	0.00
Mombo               	0.06	0.05	0.63	1.00	0.48	0.48	0.28	0.28	0.34	0.29	0.26	0.31	0.28	0.26	0.27	0.23	0.27	0.26	0.08	0.07	0.08	0.00
Bunoge              	0.03	0.04	0.50	0.48	1.00	0.36	0.19	0.22	0.24	0.22	0.22	0.22	0.19	0.18	0.22	0.18	0.22	0.22	0.10	0.08	0.09	0.00
Tiranige_Diga       	0.04	0.05	0.39	0.48	0.36	1.00	0.35	0.33	0.33	0.29	0.28	0.31	0.23	0.22	0.21	0.20	0.25	0.22	0.07	0.10	0.08	0.00
Najamba             	0.03	0.01	0.21	0.28	0.19	0.35	1.00	0.31	0.32	0.24	0.27	0.30	0.20	0.20	0.20	0.17	0.24	0.23	0.05	0.06	0.04	0.00
Yanda_Dom           	0.07	0.04	0.18	0.28	0.22	0.33	0.31	1.00	0.51	0.39	0.40	0.41	0.35	0.35	0.31	0.28	0.40	0.45	0.08	0.08	0.07	0.00
Tebul_Ure           	0.05	0.04	0.22	0.34	0.24	0.33	0.32	0.51	1.00	0.43	0.47	0.48	0.41	0.41	0.38	0.36	0.45	0.46	0.09	0.10	0.08	0.00
Ben_Tey             	0.04	0.03	0.20	0.29	0.22	0.29	0.24	0.39	0.43	1.00	0.73	0.66	0.47	0.47	0.33	0.37	0.38	0.32	0.11	0.10	0.06	0.00
Bankan_Tey          	0.04	0.03	0.20	0.26	0.22	0.28	0.27	0.40	0.47	0.73	1.00	0.62	0.41	0.42	0.30	0.36	0.39	0.35	0.10	0.09	0.08	0.00
Nanga               	0.03	0.03	0.21	0.31	0.22	0.31	0.30	0.41	0.48	0.66	0.62	1.00	0.46	0.43	0.30	0.38	0.40	0.37	0.10	0.09	0.06	0.00
Perge_Tegu          	0.04	0.01	0.19	0.28	0.19	0.23	0.20	0.35	0.41	0.47	0.41	0.46	1.00	0.72	0.53	0.55	0.55	0.45	0.11	0.11	0.11	0.00
Jamsay              	0.05	0.00	0.19	0.26	0.18	0.22	0.20	0.35	0.41	0.47	0.42	0.43	0.72	1.00	0.56	0.51	0.50	0.42	0.14	0.12	0.12	0.00
Togo_Kan            	0.07	0.04	0.20	0.27	0.22	0.21	0.20	0.31	0.38	0.33	0.30	0.30	0.53	0.56	1.00	0.43	0.45	0.44	0.14	0.09	0.08	0.00
Toro_Tegu           	0.03	0.04	0.18	0.23	0.18	0.20	0.17	0.28	0.36	0.37	0.36	0.38	0.55	0.51	0.43	1.00	0.36	0.38	0.12	0.07	0.07	0.00
Yorno_So            	0.06	0.03	0.21	0.27	0.22	0.25	0.24	0.40	0.45	0.38	0.39	0.40	0.55	0.50	0.45	0.36	1.00	0.65	0.08	0.07	0.07	0.00
Tommo_So            	0.05	0.03	0.19	0.26	0.22	0.22	0.23	0.45	0.46	0.32	0.35	0.37	0.45	0.42	0.44	0.38	0.65	1.00	0.09	0.06	0.07	0.00
Bangime             	0.07	0.05	0.06	0.08	0.10	0.07	0.05	0.08	0.09	0.11	0.10	0.10	0.11	0.14	0.14	0.12	0.08	0.09	1.00	0.05	0.06	0.00
Songhai_Senni       	0.04	0.00	0.04	0.07	0.08	0.10	0.06	0.08	0.10	0.10	0.09	0.09	0.11	0.12	0.09	0.07	0.07	0.06	0.05	1.00	0.74	0.01
Songhai_Kiini       	0.04	0.01	0.06	0.08	0.09	0.08	0.04	0.07	0.08	0.06	0.08	0.06	0.11	0.12	0.08	0.07	0.07	0.07	0.06	0.74	1.00	0.02
Fulfulde            	0.00	0.00	0.00	0.00	0.00	0.00	0.00	0.00	0.00	0.00	0.00	0.00	0.00	0.00	0.00	0.00	0.00	0.00	0.00	0.01	0.02	1.00
