Songhai_Senni       	1.00	0.64	0.05	0.02	0.04	0.05	0.03	0.04	0.03	0.04	0.03	0.03	0.03	0.02	0.04	0.05	0.04	0.04	0.03	0.05	0.03	0.02
Songhai_Kiini       	0.64	1.00	0.06	0.05	0.04	0.05	0.03	0.05	0.04	0.07	0.07	0.06	0.06	0.05	0.06	0.07	0.07	0.07	0.05	0.07	0.03	0.03
Jenaama             	0.05	0.06	1.00	0.07	0.05	0.05	0.06	0.05	0.04	0.04	0.05	0.05	0.06	0.04	0.06	0.05	0.04	0.04	0.03	0.02	0.07	0.02
Bambara             	0.02	0.05	0.07	1.00	0.03	0.05	0.02	0.04	0.03	0.05	0.05	0.04	0.06	0.05	0.06	0.07	0.05	0.05	0.04	0.05	0.02	0.02
Tiranige_Diga       	0.04	0.04	0.05	0.03	1.00	0.42	0.35	0.40	0.39	0.27	0.24	0.24	0.28	0.28	0.35	0.32	0.26	0.28	0.28	0.19	0.10	0.03
Najamba             	0.05	0.05	0.05	0.05	0.42	1.00	0.27	0.32	0.26	0.29	0.26	0.26	0.31	0.31	0.39	0.38	0.29	0.29	0.32	0.19	0.10	0.03
Penange             	0.03	0.03	0.06	0.02	0.35	0.27	1.00	0.56	0.45	0.17	0.17	0.19	0.22	0.22	0.25	0.21	0.18	0.21	0.21	0.14	0.09	0.02
Mombo               	0.04	0.05	0.05	0.04	0.40	0.32	0.56	1.00	0.39	0.22	0.22	0.23	0.25	0.23	0.31	0.29	0.23	0.22	0.25	0.18	0.09	0.03
Bunoge              	0.03	0.04	0.04	0.03	0.39	0.26	0.45	0.39	1.00	0.20	0.17	0.18	0.21	0.22	0.23	0.21	0.20	0.19	0.18	0.15	0.11	0.03
Perge_Tegu          	0.04	0.07	0.04	0.05	0.27	0.29	0.17	0.22	0.20	1.00	0.69	0.57	0.56	0.45	0.43	0.45	0.51	0.41	0.46	0.45	0.11	0.03
Jamsay              	0.03	0.07	0.05	0.05	0.24	0.26	0.17	0.22	0.17	0.69	1.00	0.59	0.54	0.41	0.40	0.42	0.42	0.35	0.40	0.41	0.09	0.03
Togo_Kan            	0.03	0.06	0.05	0.04	0.24	0.26	0.19	0.23	0.18	0.57	0.59	1.00	0.54	0.44	0.38	0.41	0.37	0.29	0.36	0.36	0.09	0.03
Yorno_So            	0.03	0.06	0.06	0.06	0.28	0.31	0.22	0.25	0.21	0.56	0.54	0.54	1.00	0.62	0.44	0.46	0.39	0.34	0.38	0.38	0.07	0.03
Tommo_So            	0.02	0.05	0.04	0.05	0.28	0.31	0.22	0.23	0.22	0.45	0.41	0.44	0.62	1.00	0.45	0.42	0.33	0.32	0.33	0.35	0.09	0.03
Yanda_Dom           	0.04	0.06	0.06	0.06	0.35	0.39	0.25	0.31	0.23	0.43	0.40	0.38	0.44	0.45	1.00	0.56	0.38	0.38	0.41	0.30	0.09	0.03
Tebul_Ure           	0.05	0.07	0.05	0.07	0.32	0.38	0.21	0.29	0.21	0.45	0.42	0.41	0.46	0.42	0.56	1.00	0.45	0.43	0.45	0.33	0.09	0.04
Ben_Tey             	0.04	0.07	0.04	0.05	0.26	0.29	0.18	0.23	0.20	0.51	0.42	0.37	0.39	0.33	0.38	0.45	1.00	0.68	0.61	0.33	0.09	0.03
Bankan_Tey          	0.04	0.07	0.04	0.05	0.28	0.29	0.21	0.22	0.19	0.41	0.35	0.29	0.34	0.32	0.38	0.43	0.68	1.00	0.56	0.34	0.08	0.03
Nanga               	0.03	0.05	0.03	0.04	0.28	0.32	0.21	0.25	0.18	0.46	0.40	0.36	0.38	0.33	0.41	0.45	0.61	0.56	1.00	0.34	0.08	0.02
Toro_Tegu           	0.05	0.07	0.02	0.05	0.19	0.19	0.14	0.18	0.15	0.45	0.41	0.36	0.38	0.35	0.30	0.33	0.33	0.34	0.34	1.00	0.07	0.02
Bangime             	0.03	0.03	0.07	0.02	0.10	0.10	0.09	0.09	0.11	0.11	0.09	0.09	0.07	0.09	0.09	0.09	0.09	0.08	0.08	0.07	1.00	0.02
Fulfulde            	0.02	0.03	0.02	0.02	0.03	0.03	0.02	0.03	0.03	0.03	0.03	0.03	0.03	0.03	0.03	0.04	0.03	0.03	0.02	0.02	0.02	1.00
