Songhai_Senni       	1.00	0.67	0.13	0.11	0.13	0.11	0.11	0.12	0.08	0.14	0.14	0.12	0.11	0.11	0.13	0.15	0.11	0.11	0.11	0.15	0.12	0.05
Songhai_Kiini       	0.67	1.00	0.13	0.11	0.11	0.12	0.12	0.11	0.08	0.16	0.16	0.14	0.13	0.12	0.12	0.15	0.10	0.13	0.11	0.14	0.11	0.05
Jenaama             	0.13	0.13	1.00	0.18	0.14	0.12	0.15	0.13	0.12	0.10	0.10	0.13	0.09	0.10	0.14	0.13	0.09	0.09	0.09	0.10	0.17	0.03
Bambara             	0.11	0.11	0.18	1.00	0.13	0.17	0.11	0.12	0.15	0.13	0.11	0.16	0.16	0.14	0.17	0.18	0.13	0.14	0.15	0.11	0.15	0.04
Tiranige_Diga       	0.13	0.11	0.14	0.13	1.00	0.43	0.38	0.41	0.39	0.33	0.29	0.31	0.33	0.36	0.40	0.35	0.31	0.31	0.37	0.26	0.20	0.05
Najamba             	0.11	0.12	0.12	0.17	0.43	1.00	0.33	0.38	0.30	0.35	0.30	0.35	0.37	0.37	0.40	0.45	0.36	0.36	0.41	0.23	0.17	0.04
Penange             	0.11	0.12	0.15	0.11	0.38	0.33	1.00	0.57	0.50	0.26	0.26	0.28	0.32	0.31	0.29	0.32	0.25	0.29	0.31	0.21	0.16	0.05
Mombo               	0.12	0.11	0.13	0.12	0.41	0.38	0.57	1.00	0.41	0.30	0.29	0.32	0.31	0.32	0.35	0.35	0.26	0.29	0.35	0.24	0.16	0.05
Bunoge              	0.08	0.08	0.12	0.15	0.39	0.30	0.50	0.41	1.00	0.25	0.24	0.25	0.28	0.27	0.25	0.27	0.25	0.27	0.27	0.19	0.20	0.05
Perge_Tegu          	0.14	0.16	0.10	0.13	0.33	0.35	0.26	0.30	0.25	1.00	0.65	0.56	0.55	0.46	0.43	0.48	0.51	0.43	0.50	0.46	0.20	0.04
Jamsay              	0.14	0.16	0.10	0.11	0.29	0.30	0.26	0.29	0.24	0.65	1.00	0.60	0.55	0.41	0.43	0.47	0.42	0.39	0.42	0.42	0.18	0.03
Togo_Kan            	0.12	0.14	0.13	0.16	0.31	0.35	0.28	0.32	0.25	0.56	0.60	1.00	0.57	0.48	0.42	0.45	0.37	0.33	0.41	0.35	0.17	0.04
Yorno_So            	0.11	0.13	0.09	0.16	0.33	0.37	0.32	0.31	0.28	0.55	0.55	0.57	1.00	0.61	0.47	0.51	0.41	0.40	0.44	0.42	0.17	0.03
Tommo_So            	0.11	0.12	0.10	0.14	0.36	0.37	0.31	0.32	0.27	0.46	0.41	0.48	0.61	1.00	0.47	0.45	0.35	0.35	0.39	0.37	0.21	0.03
Yanda_Dom           	0.13	0.12	0.14	0.17	0.40	0.40	0.29	0.35	0.25	0.43	0.43	0.42	0.47	0.47	1.00	0.57	0.41	0.43	0.46	0.35	0.17	0.03
Tebul_Ure           	0.15	0.15	0.13	0.18	0.35	0.45	0.32	0.35	0.27	0.48	0.47	0.45	0.51	0.45	0.57	1.00	0.45	0.44	0.47	0.35	0.16	0.04
Ben_Tey             	0.11	0.10	0.09	0.13	0.31	0.36	0.25	0.26	0.25	0.51	0.42	0.37	0.41	0.35	0.41	0.45	1.00	0.68	0.57	0.32	0.16	0.04
Bankan_Tey          	0.11	0.13	0.09	0.14	0.31	0.36	0.29	0.29	0.27	0.43	0.39	0.33	0.40	0.35	0.43	0.44	0.68	1.00	0.54	0.36	0.16	0.04
Nanga               	0.11	0.11	0.09	0.15	0.37	0.41	0.31	0.35	0.27	0.50	0.42	0.41	0.44	0.39	0.46	0.47	0.57	0.54	1.00	0.36	0.16	0.03
Toro_Tegu           	0.15	0.14	0.10	0.11	0.26	0.23	0.21	0.24	0.19	0.46	0.42	0.35	0.42	0.37	0.35	0.35	0.32	0.36	0.36	1.00	0.16	0.03
Bangime             	0.12	0.11	0.17	0.15	0.20	0.17	0.16	0.16	0.20	0.20	0.18	0.17	0.17	0.21	0.17	0.16	0.16	0.16	0.16	0.16	1.00	0.04
Fulfulde            	0.05	0.05	0.03	0.04	0.05	0.04	0.05	0.05	0.05	0.04	0.03	0.04	0.03	0.03	0.03	0.04	0.04	0.04	0.03	0.03	0.04	1.00
