Jenaama             	1.00	0.15	0.11	0.09	0.09	0.11	0.06	0.14	0.11	0.04	0.05	0.07	0.06	0.09	0.09	0.09	0.06	0.07	0.11	0.13	0.11	0.02
Bambara             	0.15	1.00	0.10	0.13	0.12	0.10	0.09	0.12	0.15	0.06	0.05	0.08	0.06	0.06	0.09	0.05	0.09	0.08	0.15	0.09	0.10	0.00
Penange             	0.11	0.10	1.00	0.64	0.52	0.40	0.30	0.24	0.31	0.24	0.28	0.27	0.21	0.21	0.25	0.19	0.25	0.28	0.13	0.11	0.12	0.03
Mombo               	0.09	0.13	0.64	1.00	0.49	0.46	0.35	0.35	0.37	0.31	0.31	0.37	0.31	0.30	0.33	0.24	0.34	0.31	0.10	0.12	0.11	0.03
Bunoge              	0.09	0.12	0.52	0.49	1.00	0.42	0.26	0.25	0.27	0.28	0.30	0.24	0.22	0.21	0.24	0.22	0.27	0.26	0.18	0.08	0.08	0.03
Tiranige_Diga       	0.11	0.10	0.40	0.46	0.42	1.00	0.33	0.37	0.31	0.34	0.31	0.38	0.27	0.28	0.24	0.26	0.26	0.30	0.14	0.17	0.09	0.02
Najamba             	0.06	0.09	0.30	0.35	0.26	0.33	1.00	0.32	0.37	0.31	0.30	0.38	0.24	0.23	0.27	0.18	0.28	0.29	0.08	0.10	0.08	0.02
Yanda_Dom           	0.14	0.12	0.24	0.35	0.25	0.37	0.32	1.00	0.55	0.40	0.38	0.41	0.36	0.37	0.34	0.32	0.40	0.45	0.14	0.14	0.07	0.00
Tebul_Ure           	0.11	0.15	0.31	0.37	0.27	0.31	0.37	0.55	1.00	0.49	0.45	0.46	0.42	0.42	0.37	0.35	0.46	0.42	0.11	0.12	0.09	0.01
Ben_Tey             	0.04	0.06	0.24	0.31	0.28	0.34	0.31	0.40	0.49	1.00	0.73	0.63	0.49	0.46	0.28	0.35	0.41	0.32	0.15	0.12	0.08	0.02
Bankan_Tey          	0.05	0.05	0.28	0.31	0.30	0.31	0.30	0.38	0.45	0.73	1.00	0.57	0.40	0.39	0.26	0.31	0.35	0.31	0.14	0.12	0.12	0.02
Nanga               	0.07	0.08	0.27	0.37	0.24	0.38	0.38	0.41	0.46	0.63	0.57	1.00	0.46	0.40	0.31	0.39	0.41	0.33	0.11	0.11	0.07	0.01
Perge_Tegu          	0.06	0.06	0.21	0.31	0.22	0.27	0.24	0.36	0.42	0.49	0.40	0.46	1.00	0.67	0.49	0.51	0.51	0.40	0.13	0.17	0.17	0.03
Jamsay              	0.09	0.06	0.21	0.30	0.21	0.28	0.23	0.37	0.42	0.46	0.39	0.40	0.67	1.00	0.57	0.50	0.54	0.40	0.17	0.16	0.16	0.02
Togo_Kan            	0.09	0.09	0.25	0.33	0.24	0.24	0.27	0.34	0.37	0.28	0.26	0.31	0.49	0.57	1.00	0.36	0.51	0.49	0.18	0.11	0.12	0.01
Toro_Tegu           	0.09	0.05	0.19	0.24	0.22	0.26	0.18	0.32	0.35	0.35	0.31	0.39	0.51	0.50	0.36	1.00	0.40	0.35	0.17	0.12	0.16	0.01
Yorno_So            	0.06	0.09	0.25	0.34	0.27	0.26	0.28	0.40	0.46	0.41	0.35	0.41	0.51	0.54	0.51	0.40	1.00	0.65	0.14	0.09	0.09	0.02
Tommo_So            	0.07	0.08	0.28	0.31	0.26	0.30	0.29	0.45	0.42	0.32	0.31	0.33	0.40	0.40	0.49	0.35	0.65	1.00	0.23	0.12	0.09	0.01
Bangime             	0.11	0.15	0.13	0.10	0.18	0.14	0.08	0.14	0.11	0.15	0.14	0.11	0.13	0.17	0.18	0.17	0.14	0.23	1.00	0.14	0.12	0.00
Songhai_Senni       	0.13	0.09	0.11	0.12	0.08	0.17	0.10	0.14	0.12	0.12	0.12	0.11	0.17	0.16	0.11	0.12	0.09	0.12	0.14	1.00	0.74	0.03
Songhai_Kiini       	0.11	0.10	0.12	0.11	0.08	0.09	0.08	0.07	0.09	0.08	0.12	0.07	0.17	0.16	0.12	0.16	0.09	0.09	0.12	0.74	1.00	0.04
Fulfulde            	0.02	0.00	0.03	0.03	0.03	0.02	0.02	0.00	0.01	0.02	0.02	0.01	0.03	0.02	0.01	0.01	0.02	0.01	0.00	0.03	0.04	1.00
