Ben_Tey             	1.00	0.70	0.58	0.52	0.42	0.32	0.42	0.33	0.41	0.44	0.33	0.32	0.32	0.25	0.26	0.26	0.15	0.10	0.09	0.08	0.09	0.03
Bankan_Tey          	0.70	1.00	0.54	0.43	0.38	0.30	0.38	0.33	0.44	0.42	0.35	0.30	0.32	0.27	0.29	0.26	0.15	0.10	0.12	0.07	0.10	0.04
Nanga               	0.58	0.54	1.00	0.51	0.41	0.39	0.43	0.39	0.45	0.46	0.36	0.41	0.42	0.30	0.35	0.28	0.15	0.11	0.10	0.10	0.13	0.02
Perge_Tegu          	0.52	0.43	0.51	1.00	0.65	0.56	0.54	0.46	0.42	0.47	0.47	0.35	0.33	0.25	0.30	0.26	0.19	0.14	0.17	0.08	0.11	0.03
Jamsay              	0.42	0.38	0.41	0.65	1.00	0.62	0.58	0.42	0.41	0.48	0.44	0.30	0.28	0.23	0.28	0.23	0.18	0.14	0.15	0.09	0.10	0.03
Togo_Kan            	0.32	0.30	0.39	0.56	0.62	1.00	0.58	0.49	0.41	0.43	0.36	0.30	0.33	0.27	0.33	0.26	0.19	0.11	0.14	0.11	0.14	0.03
Yorno_So            	0.42	0.38	0.43	0.54	0.58	0.58	1.00	0.64	0.45	0.51	0.42	0.33	0.34	0.31	0.33	0.29	0.17	0.09	0.12	0.08	0.12	0.03
Tommo_So            	0.33	0.33	0.39	0.46	0.42	0.49	0.64	1.00	0.49	0.44	0.37	0.37	0.33	0.30	0.30	0.28	0.22	0.10	0.11	0.08	0.10	0.03
Yanda_Dom           	0.41	0.44	0.45	0.42	0.41	0.41	0.45	0.49	1.00	0.54	0.33	0.40	0.36	0.28	0.35	0.25	0.18	0.11	0.11	0.15	0.14	0.02
Tebul_Ure           	0.44	0.42	0.46	0.47	0.48	0.43	0.51	0.44	0.54	1.00	0.32	0.33	0.43	0.30	0.34	0.28	0.15	0.13	0.13	0.11	0.14	0.03
Toro_Tegu           	0.33	0.35	0.36	0.47	0.44	0.36	0.42	0.37	0.33	0.32	1.00	0.27	0.21	0.19	0.23	0.19	0.17	0.11	0.13	0.09	0.10	0.02
Tiranige_Diga       	0.32	0.30	0.41	0.35	0.30	0.30	0.33	0.37	0.40	0.33	0.27	1.00	0.42	0.40	0.44	0.41	0.20	0.12	0.10	0.14	0.10	0.03
Najamba             	0.32	0.32	0.42	0.33	0.28	0.33	0.34	0.33	0.36	0.43	0.21	0.42	1.00	0.33	0.36	0.30	0.14	0.10	0.12	0.09	0.12	0.02
Penange             	0.25	0.27	0.30	0.25	0.23	0.27	0.31	0.30	0.28	0.30	0.19	0.40	0.33	1.00	0.62	0.49	0.16	0.10	0.11	0.14	0.08	0.04
Mombo               	0.26	0.29	0.35	0.30	0.28	0.33	0.33	0.30	0.35	0.34	0.23	0.44	0.36	0.62	1.00	0.44	0.17	0.12	0.10	0.11	0.12	0.05
Bunoge              	0.26	0.26	0.28	0.26	0.23	0.26	0.29	0.28	0.25	0.28	0.19	0.41	0.30	0.49	0.44	1.00	0.20	0.07	0.08	0.11	0.14	0.05
Bangime             	0.15	0.15	0.15	0.19	0.18	0.19	0.17	0.22	0.18	0.15	0.17	0.20	0.14	0.16	0.17	0.20	1.00	0.11	0.11	0.14	0.16	0.02
Songhai_Senni       	0.10	0.10	0.11	0.14	0.14	0.11	0.09	0.10	0.11	0.13	0.11	0.12	0.10	0.10	0.12	0.07	0.11	1.00	0.72	0.12	0.10	0.04
Songhai_Kiini       	0.09	0.12	0.10	0.17	0.15	0.14	0.12	0.11	0.11	0.13	0.13	0.10	0.12	0.11	0.10	0.08	0.11	0.72	1.00	0.11	0.11	0.04
Jenaama             	0.08	0.07	0.10	0.08	0.09	0.11	0.08	0.08	0.15	0.11	0.09	0.14	0.09	0.14	0.11	0.11	0.14	0.12	0.11	1.00	0.16	0.02
Bambara             	0.09	0.10	0.13	0.11	0.10	0.14	0.12	0.10	0.14	0.14	0.10	0.10	0.12	0.08	0.12	0.14	0.16	0.10	0.11	0.16	1.00	0.01
Fulfulde            	0.03	0.04	0.02	0.03	0.03	0.03	0.03	0.03	0.02	0.03	0.02	0.03	0.02	0.04	0.05	0.05	0.02	0.04	0.04	0.02	0.01	1.00
